V3251 V3252 V3253 V3254 V3255 V3256 V3257 V3259 V3261 V3262 V3263 V3264 V3265 V3266 V3267 V3268 V3269 V3270 V3271 V3272 V3273 V3274 V3275 V3276 V3277 V3278 V3282 V3283 V3284 V3285 V3286 V3287 V3288 V3289 V3290 V3291 V3292 V3293 V3295 V3296 V3297 V3298 V3299 V3300
1.72573263838813 0.38098586709034 0.614496512361975 0.171767314929919 0.296678668893097 0.202545616207654 0.201418098213253 0.346287076887748 0.145367184299928 0.138021233730348 0.222915631221362 0.43987583794094 0.33823314990308 0.23875253125406 0.488972532342642 0.113725962273836 0.192102368145352 0.179504996557455 0.233637779083548 0.217115151052846 0.168644590674814 0.15901261524978 0.162522303044895 0.148466070965299 0.147684198022036 0.601818887555308 0.27518510881661 0.277308243475552 0.168031170032335 0.252366973337258 0.267916233120503 0.245967375080104 0.192662551504092 0.164105119003207 0.205180464459544 0.268977800449974 0.243044091992437 0.967387396192263 0.208729881570881 0.23864208375496 0.15749098243845 0.207340944675735 0.256537756954319 0.174675500877422
0.38098586709034 1.92821548227615 0.307428627276638 0.223216779438331 0.327723156589524 0.361779126455632 0.323998930486807 0.315697092568909 0.279084938497032 0.315371312175883 0.296867780438317 0.271409234602804 0.534195618412631 0.322430417082334 0.271228863507153 0.284134534588938 0.297939677390006 0.291864270353229 0.372618873093837 0.249456403630782 0.271354408146417 0.285102340732124 0.218777425643605 0.282374525880272 0.234184454474772 0.195319648173067 0.363783073165906 0.296109745084788 0.290764562880184 0.272274539110135 0.346216358704872 0.173957194840115 0.192966083480034 0.269561026812123 0.237140315601742 0.450713995406496 0.212949929540057 0.304052429984033 0.229018848779495 0.323616734464745 0.257111448280574 0.346169478111729 0.22323982244174 0.273647584278791
0.614496512361975 0.307428627276638 1.88278580376181 0.258360537982616 0.240017512682591 0.156106018474926 0.0759521229956064 0.333982907653574 0.0715811036247835 0.0903611514032588 0.281666549465183 0.428830293444702 0.300108103469442 0.298266252369357 0.651807902399372 0.0236540402926776 0.203139966778346 0.0493859238238036 0.241357185225621 0.226360162937872 0.148064010285125 0.284012962881297 0.107005351141602 0.116939269369929 0.204108567507855 0.891470234994932 0.238089846259465 0.273585606545484 0.223997857795269 0.240634906256692 0.217586340743248 0.304146191170318 0.327579336464798 0.251728125932397 0.227049863867498 0.27101432519955 0.315449181635679 0.497821045651765 0.320037917659403 0.253493696745334 0.2981669290788 0.26582488191454 0.180005585941861 0.250360642868011
0.171767314929919 0.223216779438331 0.258360537982616 1.63461106787237 0.271866121739365 0.356305221266467 0.378099929559922 0.252097608573268 0.249010640702764 0.174271056438274 0.201802677994289 0.111353327509015 0.200373217196596 0.201963979018153 0.313773399077406 0.277707125810428 0.279879524821486 0.293026750145906 0.294983816263036 0.395093747281025 0.272898289374831 0.87938219324101 0.302131914837827 0.19730214105258 0.20727578859713 0.252357438301365 0.165053060488281 0.556434500461456 0.543918971264977 0.0847958687867814 0.0599165763817953 0.991280606968602 0.734917659005662 0.373854454828363 0.252796049952464 0.242372666548273 0.359655197210366 0.193578709536188 0.117286503593715 0.230573059630128 0.200567890846087 0.281769051101038 0.714541287301358 0.319319611622096
0.296678668893097 0.327723156589524 0.240017512682591 0.271866121739365 1.7260758996803 0.926197630305204 0.519297124829114 0.260376403487757 0.606805711327583 0.197577067920842 0.262066488599871 0.18347872276605 0.279173137579046 0.553542206240442 0.259311657812988 0.352883732553367 0.316534586554884 0.361566971907003 0.264664785880837 0.277128666966225 0.224462690795075 0.18744609228405 0.308084160994313 0.247153692462514 0.294352120135095 0.217499730833882 0.290498376461492 0.242390942033735 0.191811549550601 0.239761655886116 0.255387195956509 0.218182280486588 0.200843612300673 0.202455033366666 0.245437386001693 0.327046169041089 0.371824286769383 0.268297634556241 0.492206498683172 0.186142176125621 0.454965032242326 0.273647584278791 0.215289191679251 0.2785120417571
0.202545616207654 0.361779126455632 0.156106018474926 0.356305221266467 0.926197630305204 1.68667077467796 0.942687680296603 0.251486571689763 0.961925409797964 0.221983581462778 0.20958247269702 0.23660476441906 0.336685295743043 0.213023826068232 0.222579521206118 0.545488279255774 0.282319699423885 0.622861917185829 0.323397428639195 0.254660944055958 0.2723253926349 0.186870811785145 0.531696644422222 0.290439577073483 0.201553972474735 0.170164634313495 0.322227797569599 0.211646807967953 0.266143511030646 0.12453710380436 0.135967228081634 0.176491925215124 0.216897434399946 0.22262799097191 0.263512635710378 0.28009247395644 0.180090606678577 0.192319290211928 0.234070828630375 0.192660962331443 0.479028284492098 0.224443620723288 0.262427230791173 0.173470908009549
0.201418098213253 0.323998930486807 0.0759521229956064 0.378099929559922 0.519297124829114 0.942687680296603 1.64967006789343 0.152377024854263 0.556016548054793 0.183211741761033 0.170009689980226 0.15244615386449 0.278919664541545 0.228868671964173 0.241284877870095 0.89925479721561 0.338974498943796 0.860873099399173 0.331004003523195 0.262725200662844 0.312808771279518 0.255730457248673 0.904876495461124 0.308954233019591 0.180441019247661 0.096570843528869 0.275408387573782 0.320706164758269 0.238661153826747 0.134699068307805 0.148379461055933 0.25625965174076 0.156690834009725 0.230082005281615 0.249112347752294 0.198184131872724 0.247958608409186 0.174600809762923 0.161316121004373 0.245921289073286 0.437815475601631 0.290671596280223 0.335939973770705 0.218874365175188
0.346287076887748 0.315697092568909 0.333982907653574 0.252097608573268 0.260376403487757 0.251486571689763 0.152377024854263 1.78570324663999 0.1994570591645 0.174299661545955 0.815544333348033 0.280533469366512 0.412117759282457 0.249019381152332 0.323527740796406 0.16472648550893 0.23742000998795 0.123865678360195 0.35641805252454 0.296720781968293 0.229142009659786 0.34876698080637 0.189685236546362 0.116931323506684 0.21733525146472 0.282402336401628 0.323172560709375 0.245811636160511 0.208962695363946 0.360120030210172 0.294240083463347 0.246928029946369 0.206628995329024 0.27506194793632 0.24035282811151 0.431004281628409 0.221044380427273 0.573178023490355 0.309579572456936 0.426298741414991 0.301934857429362 0.353234145122451 0.207191562446738 0.380410586591435
0.145367184299928 0.279084938497032 0.0715811036247835 0.249010640702764 0.606805711327583 0.961925409797964 0.556016548054793 0.1994570591645 1.75351773298165 0.95278051578982 0.155951074141658 0.575816844673868 0.321537302053648 0.203444293340611 0.136262019608006 0.820281657014429 0.290666034175952 0.798452781509023 0.277622899660036 0.195308523964525 0.250998695686548 0.152729026595996 0.690505845572942 0.297870548379779 0.231182507340984 0.177252344327627 0.296858245402424 0.208436679217157 0.20335847801757 0.292538079556366 0.327500672418677 0.153296361231656 0.261705746408569 0.189096448079941 0.193404695131132 0.222418220182254 0.202319953691509 0.151922521476675 0.225673640353543 0.187124284822646 0.326728334511307 0.205824873968676 0.265433945442908 0.0994345326422017
0.138021233730348 0.315371312175883 0.0903611514032588 0.174271056438274 0.197577067920842 0.221983581462778 0.183211741761033 0.174299661545955 0.95278051578982 1.81769964875312 0.195670060742151 0.907574910618971 0.328493905324245 0.195945782196737 0.14840568240464 0.975946680079283 0.182286843279369 0.953469422133123 0.168290205174108 0.178046136065757 0.208983354608382 0.148243586794452 0.966884423048884 0.283621231823341 0.38616100782151 0.249771854401591 0.272349230224633 0.165658535267515 0.152952305353168 0.408842474453056 0.562153932824877 0.099495715789185 0.317138472161469 0.255856796474261 0.297237263079189 0.242914574421551 0.162898142376361 0.167727638056394 0.204063276087361 0.174972676162768 0.278343589456316 0.249777416505862 0.295389055288508 0.124545844253929
0.222915631221362 0.296867780438317 0.281666549465183 0.201802677994289 0.262066488599871 0.20958247269702 0.170009689980226 0.815544333348033 0.155951074141658 0.195670060742151 1.66398374594215 0.285846868118137 0.381274301926117 0.243958660851884 0.248784978186619 0.179040958143973 0.279614927575443 0.159729332114438 0.327367181916168 0.336512870510637 0.284304576062372 0.353165016112224 0.144348524631977 0.188417871358858 0.245723437078496 0.228369671752416 0.304038127430192 0.159626830478583 0.210271379040322 0.363602702070255 0.301689330255106 0.138393100130192 0.211980534224223 0.223393972188684 0.268245191858827 0.304429063901824 0.25957784423168 0.94303491452039 0.393232826109153 0.447364019462597 0.286423737789691 0.350614394010726 0.155371026124806 0.367721837576225
0.43987583794094 0.271409234602804 0.428830293444702 0.111353327509015 0.18347872276605 0.23660476441906 0.15244615386449 0.280533469366512 0.575816844673868 0.907574910618971 0.285846868118137 1.73831888576749 0.238801795606176 0.162510384250027 0.379434039998681 0.589180992064863 0.152055217392859 0.416431568437918 0.30255701852141 0.227260429243478 0.216586751147084 0.149172458207739 0.548614976442502 0.266128413890481 0.304440188110366 0.556241415984613 0.169079229394291 0.125090930472504 0.112079579409566 0.287494045568731 0.438517095326124 0.204547179158954 0.255136106677981 0.253353054965906 0.202358093835082 0.253988724025469 0.165543320250469 0.282809959186073 0.230126502115784 0.290665239589628 0.252917621660105 0.247769496863966 0.214354758161692 0.150723490713074
0.33823314990308 0.534195618412631 0.300108103469442 0.200373217196596 0.279173137579046 0.336685295743043 0.278919664541545 0.412117759282457 0.321537302053648 0.328493905324245 0.381274301926117 0.238801795606176 2 0.297489146944041 0.20658370390853 0.314725313494102 0.323000135476968 0.29625277062319 0.398403993908701 0.185764747621505 0.239357211446969 0.230831300185575 0.263747038676092 0.227340682462248 0.231593308470727 0.188266105370887 0.595334268561437 0.304274119568555 0.29339861654575 0.399283600969872 0.335882763555344 0.0373034441741526 0.134003805273908 0.258197647786104 0.328907884799285 0.278132229494011 0.259407008171923 0.378923915578381 0.272920537791916 0.383117742198851 0.249485803324787 0.285414613157634 0.179228480516544 0.244282057485937
0.23875253125406 0.322430417082334 0.298266252369357 0.201963979018153 0.553542206240442 0.213023826068232 0.228868671964173 0.249019381152332 0.203444293340611 0.195945782196737 0.243958660851884 0.162510384250027 0.297489146944041 1.79230466982356 0.220875133540164 0.168256037962156 0.330578899839612 0.228275910566131 0.270203847148607 0.3853028545911 0.334276904593622 0.398026565404585 0.171818168454684 0.363146609520018 0.356033472743504 0.293521777426041 0.284633534800696 0.231262760559754 0.264248422646822 0.403658593272317 0.373935502633457 0.24057928521398 0.230563524594234 0.201472130083316 0.2864467807931 0.325033481881246 0.454482718343383 0.179020298899537 1.03819139439173 0.229859521110768 0.404857624035918 0.36812946036067 0.2310498114248 0.477955592954085
0.488972532342642 0.271228863507153 0.651807902399372 0.313773399077406 0.259311657812988 0.222579521206118 0.241284877870095 0.323527740796406 0.136262019608006 0.14840568240464 0.248784978186619 0.379434039998681 0.20658370390853 0.220875133540164 1.88712424509333 0.110456239548707 0.283496481770402 0.119559020481654 0.280903746593707 0.303284065008285 0.244820787013916 0.226950540576941 0.222870339800869 0.279449653619956 0.359219763904565 0.692984160318915 0.134420168507922 0.265266287728448 0.231354137987066 0.12544690514586 0.176542778739889 0.405365364697245 0.411978706675677 0.295279402375733 0.354395035742479 0.347861946982816 0.305146575352806 0.300174054134371 0.278841795081749 0.294565863856374 0.33203060905439 0.405603740594581 0.332980934298438 0.169918312552914
0.113725962273836 0.284134534588938 0.0236540402926776 0.277707125810428 0.352883732553367 0.545488279255774 0.89925479721561 0.16472648550893 0.820281657014429 0.975946680079283 0.179040958143973 0.589180992064863 0.314725313494102 0.168256037962156 0.110456239548707 1.77055843129589 0.294037463950611 0.87753239627768 0.240336936385021 0.152377819440587 0.260739529438033 0.238635727064365 0.946632006811193 0.232132037998707 0.229900839599639 0.118035798497675 0.315104331170866 0.209977382100274 0.150015514297985 0.266923000214935 0.381827334007937 0.105331157755977 0.207485559386786 0.280380908792217 0.268098193388803 0.239748942504925 0.203555535426035 0.160442870633797 0.141742281487767 0.239658359663937 0.333761218069052 0.176090659121275 0.26632626588527 0.183624926649749
0.192102368145352 0.297939677390006 0.203139966778346 0.279879524821486 0.316534586554884 0.282319699423885 0.338974498943796 0.23742000998795 0.290666034175952 0.182286843279369 0.279614927575443 0.152055217392859 0.323000135476968 0.330578899839612 0.283496481770402 0.294037463950611 1.70255137695851 0.21930820930834 0.324510644079755 0.359019528150803 0.837531331532007 0.375404692747373 0.240770780518173 0.679438052659619 0.593527379259628 0.286194102341924 0.23138512685372 0.188998713962034 0.218399202553165 0.29533581800477 0.244101686390285 0.215935984947356 0.262024375524675 0.233886484603102 0.347122981701074 0.344709028447382 0.455774715706945 0.155635623370849 0.337399628848728 0.526051108586975 0.229865877801364 0.320182532370453 0.19931244445345 0.436187368222824
0.179504996557455 0.291864270353229 0.0493859238238036 0.293026750145906 0.361566971907003 0.622861917185829 0.860873099399173 0.123865678360195 0.798452781509023 0.953469422133123 0.159729332114438 0.416431568437918 0.29625277062319 0.228275910566131 0.119559020481654 0.87753239627768 0.21930820930834 1.63963603178822 0.232734334432643 0.259157508066044 0.235287340293115 0.165355797877898 0.862596557136914 0.240090614624441 0.226226672435363 0.166804328747378 0.302123968974582 0.285444012851639 0.25317188928393 0.267787510135941 0.309157647118651 0.226871081944495 0.273569714818995 0.21011405094808 0.210646423785465 0.232604022275433 0.168377609669798 0.186136614021349 0.151531585005043 0.157339216450479 0.31879756840693 0.250527505996147 0.348925103484936 0.155464787311092
0.233637779083548 0.372618873093837 0.241357185225621 0.294983816263036 0.264664785880837 0.323397428639195 0.331004003523195 0.35641805252454 0.277622899660036 0.168290205174108 0.327367181916168 0.30255701852141 0.398403993908701 0.270203847148607 0.280903746593707 0.240336936385021 0.324510644079755 0.232734334432643 1.75579660656018 0.284875883629654 0.344914031719091 0.328912652317232 0.18272227658517 0.371953009753944 0.245384943304279 0.199998172451454 0.327460943102454 0.27306038498502 0.356696157738099 0.268905493094449 0.164237020333066 0.307282423392939 0.182769951764637 0.30513306738529 0.216150523254959 0.406878257059005 0.437277540659975 0.248088125980072 0.288161498081272 0.991476075204416 0.229027589229064 0.300503012872695 0.276127488197413 0.3684131276785
0.217115151052846 0.249456403630782 0.226360162937872 0.395093747281025 0.277128666966225 0.254660944055958 0.262725200662844 0.296720781968293 0.195308523964525 0.178046136065757 0.336512870510637 0.227260429243478 0.185764747621505 0.3853028545911 0.303284065008285 0.152377819440587 0.359019528150803 0.259157508066044 0.284875883629654 1.75356858650641 0.28666608661865 0.430662609508894 0.22909274530767 0.296465719758144 0.276728195458701 0.234812177671091 0.135188533483669 0.265195569545572 0.383958414530123 0.259438791624901 0.179752112904359 0.469484508149078 0.40778885298683 0.225869903175683 0.244328143492755 0.397792957025196 0.551156063508106 0.245982472220269 0.41233785969433 0.36352880554208 0.242597534478093 0.364150966634128 0.303733006281602 0.761553781774017
0.168644590674814 0.271354408146417 0.148064010285125 0.272898289374831 0.224462690795075 0.2723253926349 0.312808771279518 0.229142009659786 0.250998695686548 0.208983354608382 0.284304576062372 0.216586751147084 0.239357211446969 0.334276904593622 0.244820787013916 0.260739529438033 0.837531331532007 0.235287340293115 0.344914031719091 0.28666608661865 1.70681989469347 0.330664715162653 0.268992897590139 1.0130864394706 0.569802620784074 0.2758183941172 0.216165620395124 0.173168965206257 0.185635230050619 0.304335302715538 0.300661930137586 0.19560569924987 0.291085575755264 0.226256866715692 0.353643357079545 0.244970963829238 0.365380986264383 0.170851951484148 0.36108306883541 0.589285877459691 0.322544837513056 0.395622147186787 0.185732964168527 0.401707089259457
0.15901261524978 0.285102340732124 0.284012962881297 0.87938219324101 0.18744609228405 0.186870811785145 0.255730457248673 0.34876698080637 0.152729026595996 0.148243586794452 0.353165016112224 0.149172458207739 0.230831300185575 0.398026565404585 0.226950540576941 0.238635727064365 0.375404692747373 0.165355797877898 0.328912652317232 0.430662609508894 0.330664715162653 1.72584864799151 0.197612029719117 0.335315428919684 0.421149822032528 0.316416987778865 0.18868405777755 0.348745526975609 0.374484561783655 0.24321413346587 0.274782253550112 0.533697412787198 0.431535065293144 0.211018290185309 0.255182987271124 0.352276668601484 0.406818663084671 0.20691186806053 0.31849800936261 0.32083488774283 0.177286511539578 0.511280543401695 0.323474503512667 0.47628855084538
0.162522303044895 0.218777425643605 0.107005351141602 0.302131914837827 0.308084160994313 0.531696644422222 0.904876495461124 0.189685236546362 0.690505845572942 0.966884423048884 0.144348524631977 0.548614976442502 0.263747038676092 0.171818168454684 0.222870339800869 0.946632006811193 0.240770780518173 0.862596557136914 0.18272227658517 0.22909274530767 0.268992897590139 0.197612029719117 1.69144782766058 0.267388627801065 0.293152294785169 0.180905852247467 0.250014203230549 0.191799630755735 0.147208240813688 0.240468837714881 0.337638004746064 0.137841657221021 0.217417093856139 0.240539555897757 0.270554259717691 0.213943162445625 0.20166362538751 0.141959998140668 0.18977581938735 0.203859861988301 0.341747605216141 0.217144550746851 0.374087268621428 0.1673541824839
0.148466070965299 0.282374525880272 0.116939269369929 0.19730214105258 0.247153692462514 0.290439577073483 0.308954233019591 0.116931323506684 0.297870548379779 0.283621231823341 0.188417871358858 0.266128413890481 0.227340682462248 0.363146609520018 0.279449653619956 0.232132037998707 0.679438052659619 0.240090614624441 0.371953009753944 0.296465719758144 1.0130864394706 0.335315428919684 0.267388627801065 1.84629363222493 1.07107614401559 0.254228689095454 0.259948121458876 0.138192069790106 0.235901555521918 0.38301603514932 0.368015039929949 0.181872863804328 0.308513237609518 0.307607409199641 0.394222086083098 0.230551605799367 0.246991596852325 0.104142456614593 0.407878641241493 0.230728003963396 0.416977449242819 0.389860601748169 0.152014693490311 0.291861092007931
0.147684198022036 0.234184454474772 0.204108567507855 0.20727578859713 0.294352120135095 0.201553972474735 0.180441019247661 0.21733525146472 0.231182507340984 0.38616100782151 0.245723437078496 0.304440188110366 0.231593308470727 0.356033472743504 0.359219763904565 0.229900839599639 0.593527379259628 0.226226672435363 0.245384943304279 0.276728195458701 0.569802620784074 0.421149822032528 0.293152294785169 1.07107614401559 1.68194775356541 0.304096926818202 0.220682843649646 0.145953589007375 0.212655138013685 0.214570091055619 0.359833979133368 0.173234121284862 0.422189935531238 0.302172438740374 0.529028423544705 0.246932797464316 0.319705780575781 0.145810563468973 0.360527652994617 0.165565568667554 0.569404533035522 0.425350005343593 0.235255556840136 0.249849723861387
0.601818887555308 0.195319648173067 0.891470234994932 0.252357438301365 0.217499730833882 0.170164634313495 0.096570843528869 0.282402336401628 0.177252344327627 0.249771854401591 0.228369671752416 0.556241415984613 0.188266105370887 0.293521777426041 0.692984160318915 0.118035798497675 0.286194102341924 0.166804328747378 0.199998172451454 0.234812177671091 0.2758183941172 0.316416987778865 0.180905852247467 0.254228689095454 0.304096926818202 1.74895998582458 0.162786105704613 0.229900045013315 0.208459722220567 0.222236259913954 0.285384418877305 0.301003602257102 0.338472320386741 0.186760364286046 0.249308610574434 0.205436321256018 0.23385231739115 0.429725792232362 0.277992382300907 0.266827649856001 0.217142166987878 0.260317604099747 0.212447750983002 0.283985152359941
0.27518510881661 0.363783073165906 0.238089846259465 0.165053060488281 0.290498376461492 0.322227797569599 0.275408387573782 0.323172560709375 0.296858245402424 0.272349230224633 0.304038127430192 0.169079229394291 0.595334268561437 0.284633534800696 0.134420168507922 0.315104331170866 0.23138512685372 0.302123968974582 0.327460943102454 0.135188533483669 0.216165620395124 0.18868405777755 0.250014203230549 0.259948121458876 0.220682843649646 0.162786105704613 1.72275452884408 0.850743712935031 0.907223703463562 0.611378555624817 0.417462146900736 0 0.149410039518751 0.409077672005095 0.344581100049145 0.322486832711371 0.151429877955513 0.359279357878899 0.282033648347081 0.266253958529745 0.31092719086321 0.188459984434054 0.23006690814145 0.230816203045411
0.277308243475552 0.296109745084788 0.273585606545484 0.556434500461456 0.242390942033735 0.211646807967953 0.320706164758269 0.245811636160511 0.208436679217157 0.165658535267515 0.159626830478583 0.125090930472504 0.304274119568555 0.231262760559754 0.265266287728448 0.209977382100274 0.188998713962034 0.285444012851639 0.27306038498502 0.265195569545572 0.173168965206257 0.348745526975609 0.191799630755735 0.138192069790106 0.145953589007375 0.229900045013315 0.850743712935031 1.59301447378719 0.894815443420885 0.260285820646769 0.23597863039539 0.945023764090498 0.543270588824223 0.524972854944691 0.199407000226059 0.223767427761177 0.178496666511722 0.220550942319786 0.171567079176157 0.200869039063055 0.270943607016674 0.143556322066496 0.593110221439289 0.252810352506304
0.168031170032335 0.290764562880184 0.223997857795269 0.543918971264977 0.191811549550601 0.266143511030646 0.238661153826747 0.208962695363946 0.20335847801757 0.152952305353168 0.210271379040322 0.112079579409566 0.29339861654575 0.264248422646822 0.231354137987066 0.150015514297985 0.218399202553165 0.25317188928393 0.356696157738099 0.383958414530123 0.185635230050619 0.374484561783655 0.147208240813688 0.235901555521918 0.212655138013685 0.208459722220567 0.907223703463562 0.894815443420885 1.62244754041763 0.287703021772062 0.200960416490368 0.917976840192401 0.537887266476045 0.513639670199 0.238266244423493 0.255723305971753 0.171244477128428 0.21276479092646 0.244866873020735 0.21405996663532 0.257283873512981 0.214682127727368 0.650238594408575 0.261386322706138
0.252366973337258 0.272274539110135 0.240634906256692 0.0847958687867814 0.239761655886116 0.12453710380436 0.134699068307805 0.360120030210172 0.292538079556366 0.408842474453056 0.363602702070255 0.287494045568731 0.399283600969872 0.403658593272317 0.12544690514586 0.266923000214935 0.29533581800477 0.267787510135941 0.268905493094449 0.259438791624901 0.304335302715538 0.24321413346587 0.240468837714881 0.38301603514932 0.214570091055619 0.222236259913954 0.611378555624817 0.260285820646769 0.287703021772062 1.73062887931942 1.22991315568767 0.0362609469164684 0.127125866049432 0.299033028172455 0.289687103824225 0.356421230869837 0.338725793424242 0.305720266679062 0.49370111555947 0.269256700249857 0.259999769569966 0.346387989350954 0.140198400259353 0.371123461631214
0.267916233120503 0.346216358704872 0.217586340743248 0.0599165763817953 0.255387195956509 0.135967228081634 0.148379461055933 0.294240083463347 0.327500672418677 0.562153932824877 0.301689330255106 0.438517095326124 0.335882763555344 0.373935502633457 0.176542778739889 0.381827334007937 0.244101686390285 0.309157647118651 0.164237020333066 0.179752112904359 0.300661930137586 0.274782253550112 0.337638004746064 0.368015039929949 0.359833979133368 0.285384418877305 0.417462146900736 0.23597863039539 0.200960416490368 1.22991315568767 1.97294751399763 0.0345327216607804 0.134360574533588 0.208171287384789 0.272817241569737 0.25972404811538 0.229289802716134 0.284921969636472 0.424197855173134 0.199982280724964 0.381006526334776 0.36666662693735 0.179432689201929 0.280528701848565
0.245967375080104 0.173957194840115 0.304146191170318 0.991280606968602 0.218182280486588 0.176491925215124 0.25625965174076 0.246928029946369 0.153296361231656 0.099495715789185 0.138393100130192 0.204547179158954 0.0373034441741526 0.24057928521398 0.405365364697245 0.105331157755977 0.215935984947356 0.226871081944495 0.307282423392939 0.469484508149078 0.19560569924987 0.533697412787198 0.137841657221021 0.181872863804328 0.173234121284862 0.301003602257102 0 0.945023764090498 0.917976840192401 0.0362609469164684 0.0345327216607804 1.91920964087479 0.993906714770922 0.613392037370984 0.14247409549259 0.16595729972551 0.260927846396928 0.140466970437018 0.155634828784525 0.173151484307118 0.255202057342911 0.200242905039385 0.94366661064833 0.276620131718575
0.192662551504092 0.192966083480034 0.327579336464798 0.734917659005662 0.200843612300673 0.216897434399946 0.156690834009725 0.206628995329024 0.261705746408569 0.317138472161469 0.211980534224223 0.255136106677981 0.134003805273908 0.230563524594234 0.411978706675677 0.207485559386786 0.262024375524675 0.273569714818995 0.182769951764637 0.40778885298683 0.291085575755264 0.431535065293144 0.217417093856139 0.308513237609518 0.422189935531238 0.338472320386741 0.149410039518751 0.543270588824223 0.537887266476045 0.127125866049432 0.134360574533588 0.993906714770922 1.62315790059169 0.445285381637825 0.317971993215822 0.22459379753861 0.280699537908323 0.203718425622548 0.223005419476026 0.176408493651056 0.222836172588917 0.257239376678812 0.725748927407784 0.322403401147303
0.164105119003207 0.269561026812123 0.251728125932397 0.373854454828363 0.202455033366666 0.22262799097191 0.230082005281615 0.27506194793632 0.189096448079941 0.255856796474261 0.223393972188684 0.253353054965906 0.258197647786104 0.201472130083316 0.295279402375733 0.280380908792217 0.233886484603102 0.21011405094808 0.30513306738529 0.225869903175683 0.226256866715692 0.211018290185309 0.240539555897757 0.307607409199641 0.302172438740374 0.186760364286046 0.409077672005095 0.524972854944691 0.513639670199 0.299033028172455 0.208171287384789 0.613392037370984 0.445285381637825 1.85781513392951 0.780583329658371 0.302104104316471 0.208090239579695 0.169897653308478 0.298456158500901 0.283362991267893 0.361561409802732 0.275098498907245 0.481432702709897 0.27100002264571
0.205180464459544 0.237140315601742 0.227049863867498 0.252796049952464 0.245437386001693 0.263512635710378 0.249112347752294 0.24035282811151 0.193404695131132 0.297237263079189 0.268245191858827 0.202358093835082 0.328907884799285 0.2864467807931 0.354395035742479 0.268098193388803 0.347122981701074 0.210646423785465 0.216150523254959 0.244328143492755 0.353643357079545 0.255182987271124 0.270554259717691 0.394222086083098 0.529028423544705 0.249308610574434 0.344581100049145 0.199407000226059 0.238266244423493 0.289687103824225 0.272817241569737 0.14247409549259 0.317971993215822 0.780583329658371 1.72794476671541 0.348709770591009 0.387919427357527 0.202544027035005 0.279537058115646 0.317840091885962 0.421516126328101 0.403018951281131 0.301600336586767 0.393618995062838
0.268977800449974 0.450713995406496 0.27101432519955 0.242372666548273 0.327046169041089 0.28009247395644 0.198184131872724 0.431004281628409 0.222418220182254 0.242914574421551 0.304429063901824 0.253988724025469 0.278132229494011 0.325033481881246 0.347861946982816 0.239748942504925 0.344709028447382 0.232604022275433 0.406878257059005 0.397792957025196 0.244970963829238 0.352276668601484 0.213943162445625 0.230551605799367 0.246932797464316 0.205436321256018 0.322486832711371 0.223767427761177 0.255723305971753 0.356421230869837 0.25972404811538 0.16595729972551 0.22459379753861 0.302104104316471 0.348709770591009 1.73215607423502 0.654317206011999 0.246241507362041 0.292951264445083 0.392469228651352 0.218980839742665 0.335766753951974 0.278209304367483 0.494984372473463
0.243044091992437 0.212949929540057 0.315449181635679 0.359655197210366 0.371824286769383 0.180090606678577 0.247958608409186 0.221044380427273 0.202319953691509 0.162898142376361 0.25957784423168 0.165543320250469 0.259407008171923 0.454482718343383 0.305146575352806 0.203555535426035 0.455774715706945 0.168377609669798 0.437277540659975 0.551156063508106 0.365380986264383 0.406818663084671 0.20166362538751 0.246991596852325 0.319705780575781 0.23385231739115 0.151429877955513 0.178496666511722 0.171244477128428 0.338725793424242 0.229289802716134 0.260927846396928 0.280699537908323 0.208090239579695 0.387919427357527 0.654317206011999 1.82258953299381 0.230910758818021 0.395816820836278 0.492664974992382 0.262004510866564 0.384320745894074 0.314825431370983 0.619856791706743
0.967387396192263 0.304052429984033 0.497821045651765 0.193578709536188 0.268297634556241 0.192319290211928 0.174600809762923 0.573178023490355 0.151922521476675 0.167727638056394 0.94303491452039 0.282809959186073 0.378923915578381 0.179020298899537 0.300174054134371 0.160442870633797 0.155635623370849 0.186136614021349 0.248088125980072 0.245982472220269 0.170851951484148 0.20691186806053 0.141959998140668 0.104142456614593 0.145810563468973 0.429725792232362 0.359279357878899 0.220550942319786 0.21276479092646 0.305720266679062 0.284921969636472 0.140466970437018 0.203718425622548 0.169897653308478 0.202544027035005 0.246241507362041 0.230910758818021 1.76466418994109 0.203499914383323 0.358435507202329 0.200088755292441 0.22400341989954 0.219689610744078 0.18645603772378
0.208729881570881 0.229018848779495 0.320037917659403 0.117286503593715 0.492206498683172 0.234070828630375 0.161316121004373 0.309579572456936 0.225673640353543 0.204063276087361 0.393232826109153 0.230126502115784 0.272920537791916 1.03819139439173 0.278841795081749 0.141742281487767 0.337399628848728 0.151531585005043 0.288161498081272 0.41233785969433 0.36108306883541 0.31849800936261 0.18977581938735 0.407878641241493 0.360527652994617 0.277992382300907 0.282033648347081 0.171567079176157 0.244866873020735 0.49370111555947 0.424197855173134 0.155634828784525 0.223005419476026 0.298456158500901 0.279537058115646 0.292951264445083 0.395816820836278 0.203499914383323 1.76353428818772 0.306400432572795 0.412936977782969 0.389367163640683 0.217351143191209 0.459451266630195
0.23864208375496 0.323616734464745 0.253493696745334 0.230573059630128 0.186142176125621 0.192660962331443 0.245921289073286 0.426298741414991 0.187124284822646 0.174972676162768 0.447364019462597 0.290665239589628 0.383117742198851 0.229859521110768 0.294565863856374 0.239658359663937 0.526051108586975 0.157339216450479 0.991476075204416 0.36352880554208 0.589285877459691 0.32083488774283 0.203859861988301 0.230728003963396 0.165565568667554 0.266827649856001 0.266253958529745 0.200869039063055 0.21405996663532 0.269256700249857 0.199982280724964 0.173151484307118 0.176408493651056 0.283362991267893 0.317840091885962 0.392469228651352 0.492664974992382 0.358435507202329 0.306400432572795 1.73216560927091 0.202223014159925 0.321182916552941 0.202753797824661 0.510531248497735
0.15749098243845 0.257111448280574 0.2981669290788 0.200567890846087 0.454965032242326 0.479028284492098 0.437815475601631 0.301934857429362 0.326728334511307 0.278343589456316 0.286423737789691 0.252917621660105 0.249485803324787 0.404857624035918 0.33203060905439 0.333761218069052 0.229865877801364 0.31879756840693 0.229027589229064 0.242597534478093 0.322544837513056 0.177286511539578 0.341747605216141 0.416977449242819 0.569404533035522 0.217142166987878 0.31092719086321 0.270943607016674 0.257283873512981 0.259999769569966 0.381006526334776 0.255202057342911 0.222836172588917 0.361561409802732 0.421516126328101 0.218980839742665 0.262004510866564 0.200088755292441 0.412936977782969 0.202223014159925 1.93494086092634 0.407123784233261 0.274392111664805 0.132077728023431
0.207340944675735 0.346169478111729 0.26582488191454 0.281769051101038 0.273647584278791 0.224443620723288 0.290671596280223 0.353234145122451 0.205824873968676 0.249777416505862 0.350614394010726 0.247769496863966 0.285414613157634 0.36812946036067 0.405603740594581 0.176090659121275 0.320182532370453 0.250527505996147 0.300503012872695 0.364150966634128 0.395622147186787 0.511280543401695 0.217144550746851 0.389860601748169 0.425350005343593 0.260317604099747 0.188459984434054 0.143556322066496 0.214682127727368 0.346387989350954 0.36666662693735 0.200242905039385 0.257239376678812 0.275098498907245 0.403018951281131 0.335766753951974 0.384320745894074 0.22400341989954 0.389367163640683 0.321182916552941 0.407123784233261 1.78261071666522 0.285796809179697 0.371598624253238
0.256537756954319 0.22323982244174 0.180005585941861 0.714541287301358 0.215289191679251 0.262427230791173 0.335939973770705 0.207191562446738 0.265433945442908 0.295389055288508 0.155371026124806 0.214354758161692 0.179228480516544 0.2310498114248 0.332980934298438 0.26632626588527 0.19931244445345 0.348925103484936 0.276127488197413 0.303733006281602 0.185732964168527 0.323474503512667 0.374087268621428 0.152014693490311 0.235255556840136 0.212447750983002 0.23006690814145 0.593110221439289 0.650238594408575 0.140198400259353 0.179432689201929 0.94366661064833 0.725748927407784 0.481432702709897 0.301600336586767 0.278209304367483 0.314825431370983 0.219689610744078 0.217351143191209 0.202753797824661 0.274392111664805 0.285796809179697 1.71578123926067 0.228759813637723
0.174675500877422 0.273647584278791 0.250360642868011 0.319319611622096 0.2785120417571 0.173470908009549 0.218874365175188 0.380410586591435 0.0994345326422017 0.124545844253929 0.367721837576225 0.150723490713074 0.244282057485937 0.477955592954085 0.169918312552914 0.183624926649749 0.436187368222824 0.155464787311092 0.3684131276785 0.761553781774017 0.401707089259457 0.47628855084538 0.1673541824839 0.291861092007931 0.249849723861387 0.283985152359941 0.230816203045411 0.252810352506304 0.261386322706138 0.371123461631214 0.280528701848565 0.276620131718575 0.322403401147303 0.27100002264571 0.393618995062838 0.494984372473463 0.619856791706743 0.18645603772378 0.459451266630195 0.510531248497735 0.132077728023431 0.371598624253238 0.228759813637723 1.86514916570422
